"subj 1" "subj 2" "subj 3" "subj 4" "subj 5" "subj 6" "subj 7" "subj 8" "subj 9" "subj 10" "subj 11" "subj 12" "subj 13" "subj 14" "subj 15" "subj 16" "subj 17" "subj 18" "subj 19" "subj 20" "subj 21" "subj 22" "subj 23"
"gene 1" 24.979251162619 17.3115861840196 31.5467686139265 31.3263222196561 32.6093772657853 33.9572076877708 24.4416870737882 25.2369745106029 31.0519606623187 30.5429262421381 30.1884114723097 32.8454830479659 33.11489279842 29.4015517320807 27.1478177949454 27.5378971101109 28.18441939206 21.5155452746155 32.8781343625333 20.4411695076504 23.3447123718305 27.1818008722522 27.5060814635976
"gene 2" 370.845805721959 312.626879911413 368.702858175266 302.147430441199 318.960471380963 329.870017538345 300.42907028198 380.495923390628 382.327265654799 383.264461554572 383.684971615807 279.18660590771 367.185723088363 382.220172517049 301.642419943837 295.777413404895 381.947476588951 274.579339695093 374.230529361776 296.396957860931 216.192336313039 286.919009207107 206.804982855937
"gene 3" 71.0947917705311 64.1547017407785 89.7111232458535 73.7684361946741 74.3901418875727 77.6164747149048 58.049006800247 84.4467993239405 80.541022967889 83.7467332445722 73.0364793684912 62.611702060185 83.7611994312976 85.2645000230341 51.2792113904524 56.0957163354111 97.1876530760689 57.3747873989747 87.9973596173684 56.2132161460387 48.7193997325158 64.4309354008942 55.0121629271951
"gene 4" 550.50426600695 446.02792638827 572.771017646603 434.526404982327 422.902861415653 577.272530692104 433.83994555974 575.597149414904 548.261180444064 602.97647936092 570.658358799145 501.920037826729 570.744917055121 621.352793271306 402.18989325845 439.586431646585 569.519647025764 449.777351216962 568.598323681458 460.948372397517 320.736048239062 450.009814440621 311.735589920772
"gene 5" 74.9377534878571 56.0080729482987 74.9235754580755 50.5263261607357 61.1425823733474 71.7952391112869 59.0674104283215 80.5641878607708 71.8076590316119 66.9973865956578 66.2197412940987 63.638123405434 67.2037530320876 64.6834138105776 45.2463629915756 50.9961057594646 72.8907398070517 56.350237623993 74.4593042916194 49.058806818361 38.5695247882417 55.3703351101435 58.0683942009282
"gene 6" 233.459924327555 176.170847637376 216.884034220745 154.610558051851 159.989757210259 222.177158871415 176.18382765689 184.42404450056 223.185967260415 203.947926842664 208.397421131428 167.306679275576 215.24680318973 213.651275919787 152.832159438211 177.466448042937 223.531602074958 159.829764897144 199.202814078878 165.573473011969 132.963361769991 190.272606105766 124.286738465145
"gene 7" 202.716230588947 195.519091019515 237.586601123634 173.810561992931 182.408704080487 235.760041946523 154.797351467325 215.484936205917 222.215593489718 240.402387196184 230.795274804432 165.253836585079 221.090607801216 240.112672478659 171.936179367987 198.884812461912 220.615972482676 186.468059046668 224.344916826698 164.551414536586 114.693586870298 162.084071867875 118.174275917678
"gene 8" 233.459924327555 176.170847637376 250.402475873042 170.778982423287 183.427747120042 252.253542823441 184.331056681486 212.57297760854 230.948957425995 263.06326795648 220.083257830387 198.099319633044 241.543923941416 244.03287937627 168.919755168549 168.287149006233 253.65977452854 185.443509271686 223.377912874858 196.235227273444 132.963361769991 188.259139374488 120.2117634335
"gene 9" 66.2910896238736 43.788129759579 74.9235754580755 49.515799637521 56.0473671755685 72.7654450452232 48.8833741475764 67.9457006054693 83.4521442799814 72.9089207070394 65.2459215691855 50.2946459171978 64.2818507263447 81.3442931254233 45.2463629915756 64.2550932569254 73.8626163378124 50.2029389741028 60.9212489658705 57.2352746214212 30.4496248328224 49.3299349163096 40.7497503164408
"gene 10" 14049.8680385439 10811.5947362198 14248.2952117837 10991.4969930064 11016.8743006377 13880.7362968268 11053.7529791207 13897.8077324159 14037.4269669094 14202.4607025942 14083.3808616949 10944.7308043894 14020.2612303899 14199.9694348706 10724.3935037366 10894.808034452 13878.3968592626 11003.6645833034 13969.3390882693 10779.6507398595 8066.10561821465 10912.9896835265 8187.64358233087
"gene 11" 970.347833624816 720.976648134463 978.935663550907 657.852766612779 698.044482095717 911.023371966195 735.287419469795 914.354999576459 918.943960850493 930.081366857367 873.516293247155 772.895272972448 958.383956283684 987.892138197912 705.84326266858 719.045091208451 952.439000145475 716.160292712202 960.234924176339 683.757120030907 535.913397057674 710.753756141114 530.765497871642
"gene 12" 35.5473958852655 36.6598295661591 33.5184416522969 26.2736896035826 26.4951190284506 34.9274136217071 27.4968979580117 31.0608917053574 37.8445770572009 42.3659944649012 32.1360509221361 25.6605336312234 40.9066322804012 29.4015517320807 27.1478177949454 32.6375076860574 27.2125428612993 25.6137443745423 27.076110651498 29.6396957860931 29.434637338395 20.1346673127794 31.5810564952416
"gene 13" 317.044341679395 237.270563580974 322.368541773562 238.484259478672 238.456071256055 325.9891938026 240.343256225584 303.814346993027 329.927082037136 303.458751050921 293.119737198878 217.601325192774 301.929904926771 308.716293186848 217.182542359563 253.960606682134 323.634884743309 244.867396220624 292.035193455442 232.007273911832 181.682761502507 250.676608044104 157.905282476208
"gene 14" 227.695481751566 184.317476429856 221.813216816671 164.715823283998 163.046886328927 206.653863928434 159.889369607698 227.132770595426 239.682321362272 227.59406328819 191.842485807904 170.385943311323 208.429031142996 210.711120746578 141.771937373604 191.745357655587 199.234688805941 189.541708371613 224.344916826698 187.036700995001 139.053286736555 158.057138405319 139.56789483381
"gene 15" 1034.71744239003 785.131349875242 1053.85923900898 832.673855128924 786.701226537071 975.056963605991 835.090975021097 1006.56702182674 1078.08525924488 1023.68065695424 994.269939136394 798.555806603671 1010.97819778706 979.071672678288 778.237443455101 768.001352737537 1012.69534505264 831.934417285133 983.44301902048 784.940909093777 604.932546678738 808.406892608095 594.946354620036
"gene 16" 54.7622044718956 39.7148153633391 70.9802293813347 45.4736935446621 40.7617215822316 55.3017382343697 49.9017777756509 46.5913375580361 71.8076590316119 61.0858524842762 46.7433467958344 59.5324380244382 67.2037530320876 64.6834138105776 42.2299387921372 52.0160278746539 57.3407153148807 56.350237623993 67.690276628745 52.1249822445086 23.3447123718305 36.242401163003 32.5998002531527
"gene 17" 83.5844173518406 90.6312453163379 104.498671033632 68.7158035786005 66.2377975711264 90.2291518560768 94.7115374109293 79.5935349949784 87.3336393627712 77.8351991331907 104.198710565714 69.7966514769276 86.6831017370406 85.2645000230341 66.3613323876442 69.3547038328719 87.468887768462 70.6939344737366 91.8653754247253 70.522034801394 47.7044122380884 58.3905352070604 55.0121629271951
"gene 18" 73.0162726291941 59.0630587454786 87.7394502074831 49.515799637521 67.2568406106822 73.7356509791595 57.0306031721725 66.0043948738845 71.8076590316119 79.8057105036512 61.3506426695326 63.638123405434 80.8392971255547 71.5437758813964 67.3668071207904 50.9961057594646 72.8907398070517 54.3011380740296 67.690276628745 44.970572916831 44.6594497548061 52.3501350132266 45.8434691059959
"gene 19" 10412.5047730948 8141.53714948451 10853.0742397099 8356.04382046247 8333.73397748726 10683.9077445066 8373.31463002861 10554.8792626268 10790.5563301557 10875.2522535716 10657.4830694502 8315.03931786162 10754.5484200045 10726.6661235874 8227.79974133474 8205.27341669786 10670.2324312216 8333.68786970107 10512.2999604441 8528.05591859176 6028.0107294044 8194.80959630123 6160.34350408794
"gene 20" 152.757728263709 131.364389278737 152.804660473707 107.11581146076 101.904303955579 131.948007015338 123.226838997015 130.067484016184 151.378308228803 176.360767656217 144.125319287156 107.774241251138 133.433538628928 156.80827590443 116.63506904495 122.390653822715 119.540813283565 111.675925473004 128.611525594615 118.558783144373 77.1390495764833 111.747403585926 87.6119631803478
"gene 21" 171.972536850339 122.199431887197 161.677189146373 110.147391030404 124.323250825806 154.262743495873 116.098013600494 180.54143303739 173.696904954845 167.493466489144 162.627894060507 100.589291834396 155.834789639623 155.828224180028 127.695291109558 138.709407665744 174.937775536924 131.142371197656 164.390671812666 135.933777225875 83.2289745430478 109.733936854648 104.930607064835
"gene 22" 6.72518300532051 8.14662879247981 7.88669215348163 5.05263261607357 4.07617215822316 7.76164747149048 3.05521088422352 4.8532643289621 4.85186885348729 7.88204548184209 3.89527889965287 2.05284269049787 11.6876092229718 3.92020689761076 4.0218989325845 3.05976634556788 3.88750612304276 6.14729864989014 5.80202371103528 6.13235085229513 7.10491246099189 2.01346673127794 6.11246254746612
"gene 23" 76.8592343465201 74.3379877313783 94.6403058417796 72.7579096714594 61.1425823733474 71.7952391112869 64.159428568694 86.3881050555253 101.889245923233 91.6287787264143 81.8008568927102 72.8759155126744 92.5269063485264 93.1049138182556 79.4325039185439 71.3945480632505 98.1595296068296 63.5220860488648 99.601407039439 66.4338008998639 50.7493747213706 80.5386692511178 41.7684940743518
"gene 24" 860.823424681025 680.243504172064 898.09706897772 643.705395287772 672.568406106822 823.704837911927 644.649496571164 859.998439092083 834.521442799814 898.553184929999 827.746766176234 666.147453066559 809.366938690794 907.527896796891 695.788515337118 615.013035459143 819.291915431261 666.98190351308 879.006592221845 672.514476801699 465.879259942182 648.336287471498 477.790822460269
"gene 25" 288.22212879945 207.739034208235 297.722628793932 250.610577757249 223.170425662718 284.270338643339 201.643918358753 326.139362906253 296.934373833422 282.768381661085 284.355359674659 193.993634252049 332.122895419448 320.47691387968 229.248239157316 241.721541299862 307.112983720378 242.818296670661 311.375272492227 244.271975616423 163.412986602813 217.454406978018 169.111463813229
"gene 26" 7.68592343465201 6.10997159435986 5.91501911511122 6.06315913928828 11.2094734351137 5.82123560361786 4.07361451229803 4.8532643289621 2.91112131209237 5.91153411138157 8.76437752421895 5.13210672624468 6.81777204673353 4.90025862201345 6.03284839887675 5.09961057594646 6.80313571532482 8.19639819985352 6.7690276628745 3.06617542614757 7.10491246099189 7.04713355947281 7.13120630537715
"gene 27" 27.8614724506135 21.3849005802595 22.6742399412597 19.2000039410796 25.4760759888948 25.225354282344 30.5521088422352 27.1782802421877 29.1112131209237 23.6461364455263 17.5287550484379 25.6605336312234 26.2971207516865 23.5212413856646 29.1587672612376 29.5777413404895 34.0156785766241 27.6628439245056 26.1091066996588 23.507344933798 22.3297248774031 32.2154677004471 24.4498501898645
"gene 28" 165.247353845018 153.767618458056 155.762170031262 152.589505005422 166.104015447594 178.517891844281 167.018195004219 159.187069989957 173.696904954845 147.788352784539 150.942057361549 152.936780442091 125.641799146946 152.88806900682 152.832159438211 162.167616315097 148.697109206385 156.756115572199 149.885612535078 155.352888258143 151.233136669684 143.962871286373 172.167695086963
"gene 29" 4029.34536061632 4086.55266802769 4148.40007273134 4055.24293766065 4330.93291811211 3938.06588584748 4195.82294766697 3958.32238670149 4100.79955496746 4012.94640594286 3987.79177351962 4411.55894187992 3950.41191736446 4145.61879422338 4167.69276889069 4216.35802419253 4049.80950367979 4278.51986032354 4083.657688617 4250.74119911591 4231.48286426788 4212.17240183346 4131.00593832919
"gene 30" 17.293327727967 23.4215577783795 10.8442017110372 19.2000039410796 22.4189468702274 18.4339127447899 23.4232834457137 24.2663216448105 20.3778491846466 17.7346023341447 23.3716733979172 21.5548482502276 22.4012510106959 25.48134483447 17.0930704634841 15.2988317278394 18.4656540844531 20.4909954996338 25.1421027478196 24.5294034091805 18.2697748996934 18.1212005815015 18.3373876423984
"gene 31" 237.302886044881 244.398863774394 200.124813394596 248.58952471082 255.779802928503 219.266541069606 244.416870737882 237.809952119143 277.526898419473 217.741506435888 232.742914254259 230.94480268101 249.335663423398 192.090137982927 243.324885421362 209.084033613805 211.86908370583 264.333841945276 232.080948441411 262.669028173308 235.47709870716 244.63620785027 252.648451961933
"gene 32" 1697.62833862876 1866.59632207694 1670.99290001892 1756.29509734717 1806.76330913242 1744.43026921748 1852.47619946753 1719.99687818417 1738.90979708985 1745.87307422802 1672.04846767599 1829.0828372336 1754.11535088101 1776.83377634208 1775.66837873606 1760.38557081672 1747.43400230772 1907.71168101591 1700.95995128518 1797.80085819786 1813.78265254179 1777.89112371842 1807.25142653415
"gene 33" 22.0970298746245 30.5498579717993 16.7592208261485 17.1789508946501 21.3999038306716 18.4339127447899 21.3864761895647 31.0608917053574 22.3185967260415 19.7051137046052 19.4763944982643 19.5020055597298 20.4533161402006 12.740672417235 27.1478177949454 21.4183644189751 23.3250367382565 23.5646448245789 17.4060711331058 12.2647017045903 16.2397999108386 17.1144672158625 23.4311064319535
"gene 34" 275.732503218141 265.783764354654 265.19002366082 283.957953023334 295.522481471179 273.598073370039 273.950575952043 296.049124066688 253.267554152037 276.856847549704 263.905145451482 283.292291288706 268.815012128351 259.713706966713 279.521975814623 273.33912687073 237.137873505608 266.382941495239 272.695114418658 298.441074811696 282.166523450821 297.993076229136 242.461014382823
"gene 35" 413.118384612545 421.58804001083 442.640597114156 423.410613226965 418.82668925743 440.473494007085 419.582294766697 412.527467961778 457.046045998503 442.379802668387 407.056645013724 422.885594242561 435.363443555698 457.684155296056 407.217266924181 403.88915761496 391.666241896558 425.188156617401 434.184774375807 426.198384234512 463.849284953327 459.070414731371 433.984840870095
"gene 36" 292.065090516776 337.066766288852 349.971964310747 300.12637739477 301.636739708514 329.870017538345 344.220426289184 334.875238698385 343.5123148269 316.267074958914 317.465230321709 320.243459717668 317.513383890733 359.678982855787 362.976378665751 338.614142242845 326.550514335592 362.690620343518 345.220410806599 331.146946023937 352.200660566312 326.181610467027 348.410365205569
"gene 37" 3944.80020283514 4214.86207150924 4130.655015386 4279.57982581431 4254.50469014543 4029.26524363749 4125.55309732983 4087.41921785188 3996.96956150283 4129.20657680003 3991.68705241927 4338.68302636725 4003.00615886783 4044.6734666099 4183.78036462103 4307.13109244438 3969.14375162665 4218.07142359962 4017.90141989193 4358.05733903107 4287.30717646139 4250.42826972774 4225.74910781491
"gene 38" 284.379167082124 325.865151699192 358.844492983414 310.231642626917 296.541524510735 301.734045454192 317.741931959247 303.814346993027 317.312223018069 301.48823968046 309.674672522403 309.979246265178 299.981970056275 343.998155265344 330.801187205075 292.717647059327 306.141107189617 322.733179119232 284.299161840729 351.588115531587 305.511235822651 325.174877101388 296.454433552107
"gene 39" 23.057770303956 31.5681865708593 20.7025669028893 21.221056987509 21.3999038306716 20.3743246126625 17.3128616772666 20.3837101816408 18.4371016432517 20.6903693898355 25.3193128477436 26.6869549764723 26.2971207516865 17.6409310392484 16.087595730338 21.4183644189751 23.3250367382565 20.4909954996338 18.3730750849451 16.3529356061203 21.3147373829757 13.0875337533066 21.3936189161314
"gene 40" 3.842961717326 4.07331439623991 7.88669215348163 6.06315913928828 7.13330127689054 10.6722652732994 2.03680725614902 5.82391719475451 8.73336393627712 7.88204548184209 7.79055779930573 4.10568538099574 2.92190230574294 5.88031034641614 6.03284839887675 3.05976634556788 7.77501224608551 4.09819909992676 4.83501975919607 7.15440932767765 5.07493747213706 7.04713355947281 5.0937187895551
"gene 41" 5.76444257598901 23.4215577783795 12.8158747494076 20.2105304642943 14.2666025537811 16.4935008769173 16.2944580491921 23.2956687790181 18.4371016432517 22.660880760296 19.4763944982643 15.396320178734 20.4533161402006 18.6209827636511 15.0821209971919 24.478130764543 20.4094071459745 21.5155452746155 10.6370434702313 20.4411695076504 18.2697748996934 26.1750675066133 18.3373876423984
"gene 42" 7815.62339261176 8117.09726310707 8029.63844876348 8135.74903840166 8393.85751682105 7833.44271060176 8324.43125588103 7838.02189127378 7654.30830326155 7928.35249904791 7799.32217682995 8355.06975032633 8066.39829872101 7954.09979525224 8206.68477193867 8250.14998976619 7917.87809610733 8284.50948050195 7776.64578069096 8271.51924127075 8299.55274193295 8170.6479955259 8387.31735888143
"gene 43" 19.21480858663 21.3849005802595 12.8158747494076 17.1789508946501 16.3046886328927 13.5828830751083 20.3680725614902 15.5304458526787 13.5852327897644 13.7935795932237 18.5025747733511 17.4491628692319 15.5834789639623 8.82046551962421 16.087595730338 20.3984423037858 17.4937775536924 15.3682466247254 24.1750987959803 7.15440932767765 8.1198999554193 21.1414006784184 17.3186438844874
"gene 44" 77.8199747758516 82.4846165238581 89.7111232458535 69.7263301018152 85.5996153226864 81.49729845065 89.6195192705567 76.6815763976011 77.6299016557967 81.7762218741117 74.9841188183177 68.7702301316787 80.8392971255547 70.5637241569937 87.4763017837129 70.3746259480612 75.8063693993337 85.0376313234803 83.1623398581724 82.7867365059843 93.3788494873219 92.6194696387854 94.7431694857249
"gene 45" 99.9170046504761 92.6679025144579 108.442017110372 117.221076692907 116.17090650936 110.603476468739 88.6011156424822 99.0065923108267 121.296721337182 116.260170857171 108.093989465367 132.408353537113 109.084352747736 111.725896581907 116.63506904495 132.589874974608 132.175208183454 118.847773897876 116.040474220706 123.669075521285 109.618649398161 114.767603682843 134.474176044255
"gene 46" 49.9585023252381 56.0080729482987 47.3201529208898 55.5789587768092 55.0283241360127 49.4805026307518 50.9201814037254 37.8554617659043 51.4298098469653 44.3365058353618 59.4030032197062 25.6605336312234 40.9066322804012 49.9826379445372 48.262787191014 52.0160278746539 50.5375795995558 33.8101425743958 49.3172015437999 48.0367483429785 50.7493747213706 42.2828013568368 40.7497503164408
"gene 47" 28.822212879945 29.5315293727393 24.6459129796301 29.3052691732267 25.4760759888948 26.1955602162804 26.4784943299372 22.3250159132256 23.288970496739 27.5871591864473 24.3454931228304 23.6076909407255 19.4793487049529 25.48134483447 26.1423430617992 24.478130764543 31.100048984342 27.6628439245056 30.9441264588548 26.5735203599456 18.2697748996934 21.1414006784184 19.3561314003094
"gene 48" 58.6051661892216 50.9164299529988 44.3626433633342 49.515799637521 42.7998076613432 45.5996788950066 49.9017777756509 45.6206846922437 49.4890623055704 44.3365058353618 57.4553637698798 36.9511684289617 60.3859809853541 56.843000015356 47.2573124578679 85.6734576759006 60.2563449071627 55.3256878490113 49.3172015437999 51.1029237691261 34.509574810532 52.3501350132266 65.1996005063053
"gene 49" 258.439175490174 242.362206576274 248.430802834671 269.810581698329 254.760759888948 219.266541069606 252.564099762478 233.927340655973 224.156341031113 245.328665622335 218.13561838056 258.658179002732 231.80424958894 254.8134483447 248.352259087093 230.50239803278 256.575404120822 238.720097570734 241.750987959803 254.492560370248 269.986673517692 234.568874193881 245.517245656556
"gene 50" 38.42961717326 23.4215577783795 27.6034225371857 29.3052691732267 25.4760759888948 16.4935008769173 22.4048798176392 17.4717515842635 32.0223344330161 19.7051137046052 28.2407720224833 29.7662190122191 26.2971207516865 21.5611379368592 31.1697167275299 27.5378971101109 19.4375306152138 21.5155452746155 22.2410908923019 21.463227983033 20.2997498885482 25.1683341409743 24.4498501898645
"gene 51" 29.7829533092765 29.5315293727393 25.6317494988153 40.4210609285885 29.5522481471179 26.1955602162804 25.4600907018627 23.2956687790181 30.0815868916212 29.5576705569078 23.3716733979172 19.5020055597298 26.2971207516865 32.3417069052888 28.1532925280915 24.478130764543 26.2406663305386 25.6137443745423 26.1091066996588 25.551461884563 28.4196498439675 25.1683341409743 31.5810564952416
"gene 52" 915.58562915292 967.412169106978 915.842126323054 969.09493576291 982.357490131782 920.725431305558 948.133777737367 936.680015489684 881.099383793292 948.801224876742 895.914146920159 947.386901664767 900.919877604073 852.645000230341 968.272168019718 947.507645010853 933.001469530261 983.567783982423 952.498892561625 1002.63936435025 991.642782055582 1013.78049919844 966.787826257559
"gene 53" 140.268102682399 139.511018071217 156.748006550447 135.410554110772 140.627939458699 161.054185033427 175.165424028815 143.656624137278 143.615318063224 137.935795932237 188.921026633164 161.148151204083 166.548431427348 147.987810384806 166.908805702257 150.948473048015 157.443997983232 152.657916472272 158.588648101631 161.485239110438 157.323061636249 142.956137920734 183.373876423984
"gene 54" 4237.82603378125 4655.79835490221 4402.74589468112 4615.0746315216 4464.42755629392 4313.53558228083 4519.67530139467 4323.28786423943 4415.20065667344 4349.9038502916 4392.90077908352 4514.20107640482 4236.75834332726 4296.54675978139 4466.31876463509 4503.97606067591 4406.48819046896 4612.52308696757 4257.71839994806 4541.00580612454 4641.53781201656 4605.8051477983 4539.52218525151
"gene 55" 640.813866364111 665.986903785225 680.227198237791 729.600149761023 696.006396016605 714.071567377124 712.882539652156 659.073295873053 671.498649322641 666.032843215657 710.888399186648 759.551795484212 635.026767781466 643.893982932568 706.848737401726 705.78610371099 676.42606540944 683.374699912787 633.387588454685 717.48504971853 722.671096032318 648.336287471498 707.008167990248
"gene 56" 7.68592343465201 5.09164299529988 6.90085563429643 10.1052652321471 7.13330127689054 8.73185340542679 3.05521088422352 9.70652865792419 8.73336393627712 5.91153411138157 7.79055779930573 12.3170561429872 10.7136417877241 5.88031034641614 11.0602220646074 12.2390653822715 5.83125918456413 4.09819909992676 4.83501975919607 15.3308771307378 8.1198999554193 10.0673336563897 6.11246254746612
"gene 57" 522.642793556337 602.850530643506 605.303622779715 638.652762671699 635.882856682813 603.468090908385 614.097387728928 569.77323222015 577.372393564988 562.580996266479 603.768229446194 605.588593696872 631.130898040475 592.931293263628 613.339587219136 631.331789302172 581.182165394892 581.9442721896 566.664315777779 639.808605589459 651.621971422399 616.120819771051 602.077560925413
"gene 58" 4934.36284504659 5216.89741298426 5086.91643899565 5071.83262001465 5280.68103097811 5031.4879733937 5170.43521973428 5001.77421742834 4863.51333873566 5068.15524482447 4886.62737961452 5187.53347888812 5041.25544484182 4955.14151858 5174.17297676996 5282.17663456535 4909.920233403 5311.26603350508 4869.83190146228 5241.11586176157 5206.88584641263 5254.1414352698 5197.63065286203
"gene 59" 27.8614724506135 33.6048437689792 39.4334607674081 39.4105344053738 22.4189468702274 36.8678254895798 40.7361451229803 37.8554617659043 32.9927082037136 23.6461364455263 34.0836903719626 34.8983257384638 35.0628276689153 33.3217586296915 30.1642419943837 32.6375076860574 36.9313081689062 31.7610430244324 38.6801580735685 28.6176373107106 40.5994997770965 34.2289344317251 38.7122628006188
"gene 60" 51.8799831839011 51.9347585520588 53.235172036001 47.4947465910915 52.9902380569011 52.3911204325607 66.196235824843 50.4739490212058 54.3409311590577 58.1300854285854 64.2721018442723 63.638123405434 70.1256553378306 63.7033620861749 73.3996555196671 55.0757942202218 67.0594806224875 58.3993371739563 61.8882529177097 49.058806818361 60.8992496656447 64.4309354008942 44.8247253480849
"gene 61" 157.561430410366 158.859261453356 138.017112685929 158.65266414471 156.932628091592 143.590478222574 174.147020400741 154.333805660995 151.378308228803 129.068494765164 159.706434885767 152.936780442091 141.225278110909 149.947913833612 150.821209971919 151.968395163205 152.584615329428 169.050712871979 145.050592775882 153.308771307378 148.188174186402 150.003271480207 171.148951329051
"gene 62" 13.450366010641 20.3665719811995 15.7733843069633 10.1052652321471 12.2285164746695 14.5530890090446 14.2576507930431 11.647834389509 14.5556065604619 12.8083239079934 16.5549353235247 13.3434774882362 18.5053812697053 17.6409310392484 15.0821209971919 17.338675958218 12.634394899889 8.19639819985352 11.6040474220706 15.3308771307378 9.13488744984671 11.0740670220287 17.3186438844874
"gene 63" 252.674732914185 284.113679137733 242.51578371956 269.810581698329 309.78908402496 247.402513153759 266.821750555521 263.046926629746 265.882413171104 270.945313438322 233.716733979172 266.869549764723 230.830282153692 274.414482832753 271.478177949454 264.159827834027 266.294169428429 328.880477769123 275.596126274176 255.51461884563 262.8817610567 253.696808141021 252.648451961933
"gene 64" 288.22212879945 292.260307930213 288.850100121265 306.189536534058 301.636739708514 284.270338643339 297.373859397756 276.636066750839 297.90474760412 261.092756586019 302.85793444801 276.107341871964 270.762946998846 270.494275935143 299.631470477545 292.717647059327 276.984811266796 307.364932494507 275.596126274176 302.529308713226 290.28642340624 290.945942669663 300.529408583751
"gene 65" 176.776238996996 201.629062613875 205.053995990522 174.821088516145 178.332531922263 180.458303712154 174.147020400741 163.069681453126 163.022793477173 174.390256285756 182.104288558771 166.280257930327 175.314138344576 164.648689699652 205.116845561809 184.605902849262 172.022145944642 174.173461746887 170.192695523702 176.816116241176 189.802661457926 209.400540052906 180.317645150251
"gene 66" 737.848649726593 769.856420889342 723.604005081939 780.126475921759 753.072806231729 716.011979244996 775.005160964701 767.786416841804 741.365560812858 765.543667423913 768.343762956528 723.627048400499 714.892097471773 726.218327782394 752.095100393301 804.718548884352 754.176187870295 731.528539336927 726.219967831249 760.411505684596 769.360520775979 765.117357885619 768.13279346491
"gene 67" 8.64666386398351 7.12830019341983 6.90085563429643 9.09473870893242 4.07617215822316 9.7020593393631 7.12882539652156 9.70652865792419 7.76299016557967 5.91153411138157 7.79055779930573 8.21137076199148 6.81777204673353 11.7606206928323 8.043797865169 3.05976634556788 2.91562959228207 9.22094797483521 4.83501975919607 9.19852627844269 10.1498749442741 4.02693346255589 5.0937187895551
"gene 68" 239.224366903544 238.288892180034 214.912361182374 264.757949082255 252.722673809836 234.789836012587 234.232834457137 232.956687790181 229.0082098846 219.712017806348 259.036046826916 218.627746538023 258.101370340626 215.611379368592 216.177067626417 232.542242263159 241.997256159412 231.548249145862 241.750987959803 237.117566288745 251.716898617998 242.622741118992 251.629708204022
"gene 69" 1504.51951233313 1679.2238598499 1498.47150916151 1600.67401277211 1575.44053915325 1478.59384331894 1598.89369607698 1571.48698971793 1530.27943638989 1551.77770423766 1475.33688324352 1671.01395006527 1502.83175258712 1538.68120731222 1523.29422071638 1571.6999795067 1513.21175839439 1685.38437984488 1552.04134270194 1627.11709280897 1569.17066638478 1589.63198434394 1594.33398113075
"gene 70" 129.699957959753 167.005890245836 111.399526667928 164.715823283998 172.218273684929 128.067183279593 136.466086161984 173.746862976843 126.14859019067 147.788352784539 130.491843138371 139.593302953855 139.277343240413 147.007758660404 168.919755168549 142.789096126501 143.837726552582 128.068721872711 134.413549305651 169.661706913499 128.903411792281 142.956137920734 140.586638591721
"gene 71" 42507.9602957723 45550.8565645518 43850.994209877 44976.5144952405 45411.6149717247 43083.9349083097 45396.3601250493 43201.817750689 43367.9445600108 43968.0202090857 43376.8520068094 45329.8458702287 43199.3516229741 43668.1646842107 44882.3811381767 45561.9607297361 43455.5153199027 45333.2538936148 42865.3511771287 45619.5800486989 45033.9801402499 44557.0120298153 45044.7739997937
"gene 72" 1341.19363934678 1387.98188051875 1355.52521387965 1379.36870418808 1329.85116662031 1374.78180838775 1457.33559177462 1390.94555668054 1332.32318716761 1353.74131150638 1389.64074745116 1390.80092281231 1347.97093038274 1388.73329347861 1453.9164641293 1434.01049395614 1353.82400734964 1420.02598812462 1321.89440216421 1427.81569010938 1413.87757973739 1463.79031363907 1390.58522954854
"gene 73" 27.8614724506135 28.5132007736793 24.6459129796301 27.2842161267973 27.5141620680063 24.2551483484077 29.5337052141607 26.2076273763953 24.2593442674365 24.6313921307565 21.4240339480908 25.6605336312234 32.1409253631723 30.3816034564834 30.1642419943837 23.4582086493537 35.9594316381455 29.711943474469 29.0101185551764 29.6396957860931 30.4496248328224 34.2289344317251 25.4685939477755
"gene 74" 235.381405186218 265.783764354654 258.289168026523 260.715842989396 291.446309312956 230.909012276842 271.913768695894 238.780604984935 225.12671480181 267.989546382631 246.376390403044 267.895971109972 247.387728552902 275.394534557156 263.434380084285 276.398893216298 281.8441939206 266.382941495239 230.146940537733 259.602852747161 273.031636000974 241.616007753353 289.32322724673
"gene 75" 37.4688767439285 48.8797727548789 31.5467686139265 38.4000078821591 40.7617215822316 35.8976195556435 40.7361451229803 45.6206846922437 41.7260721399907 36.4544603535197 38.9527889965287 49.2682245719489 37.9847299746582 42.1422241493157 38.2080398595527 32.6375076860574 37.9031846996669 37.9083416743225 32.8781343625333 32.7058712122407 33.4945873161046 37.249134528642 29.5435689794196
"gene 76" 589.894623609542 620.162116827526 635.864554874456 578.021171278816 566.58792999302 604.438296842321 554.011573672532 589.186289535998 532.735200112905 592.138666823387 539.496127601922 638.434076744838 548.343666044425 553.72922428752 618.366960884867 634.39155564774 590.900930702499 599.361618364289 585.037390862724 598.926266574158 601.887584195456 600.013085920827 574.571479461816
"gene 77" 834.883433089074 897.147495771839 921.757145438165 835.705434698568 891.662659611317 836.317515053099 858.51425846681 764.874458244426 842.284432965394 775.396224276216 818.008568927102 906.33004785481 822.028515349014 790.901741592971 926.042229227581 883.252551753927 799.854384816047 919.021148158576 835.491414389081 902.477633762767 867.814307735438 916.127362731465 884.269581866766
"gene 78" 1340.23289891744 1422.60505288679 1366.36941559069 1471.32661780062 1484.74570863279 1369.93077871807 1445.11474823773 1325.91181467244 1325.53057077273 1421.72395378727 1341.92358093041 1424.67282720552 1347.97093038274 1328.95013829005 1425.76317160121 1423.81127280425 1306.20205734237 1389.28949487517 1325.76241797156 1431.90392401091 1379.36800492685 1375.19777746284 1418.09131101214
"gene 79" 73.9770130585256 58.0447301464187 54.2210085551862 73.7684361946741 69.2949266897938 66.9442094416054 73.3250612213646 76.6815763976011 69.866911490217 64.041619539967 74.9841188183177 80.0608649294169 74.9954925140688 72.5238276057991 68.3722818539365 63.2351711417361 54.4250857225986 74.7921335736634 81.2283319544939 72.566151752159 62.9292246544996 78.5252025198398 59.0871379588392
"gene 80" 124.896255813095 113.034474495657 129.144584013262 121.263182785766 113.113777390693 120.305535808102 127.300453509314 113.566385297713 122.26709510788 95.5698014673354 114.91072753976 138.566881608606 112.006255053479 105.845586235491 118.646018511243 140.749251896122 128.287702060411 110.651375698023 129.578529546455 109.36025686593 132.963361769991 128.861870801788 106.968094580657
"gene 81" 210.402154023599 235.233906382855 252.374148911412 256.673736896537 257.817889007615 258.074778427058 258.674521530925 280.518678214009 254.237927922734 225.62355191773 269.748063800961 257.631757657483 256.153435470131 255.793500069102 262.428905351139 266.199672064405 235.194120444087 280.726638344983 252.388031430035 264.713145124073 253.746873606853 261.750675066133 267.929608330598
"gene 82" 98.9562642211446 101.832859905998 96.61197888015 97.0105462286125 102.923346995135 96.0503874596946 95.7299410390038 111.625079566128 96.0670032990484 114.28965948671 128.544203688545 109.827083941636 102.266580701003 84.2844482986314 101.552948047759 99.9523672885506 97.1876530760689 102.454977498169 111.20545446151 99.1396721121046 107.588674409306 123.828203973594 117.155532159767
"gene 83" 198.873268871621 231.160591986615 199.138976875411 239.494786001887 246.608415572501 236.73024788046 232.196027200988 226.162117729634 245.504563986457 230.549830343881 230.795274804432 219.654167883272 192.845552179034 243.052827651867 209.138744494394 199.904734577101 241.997256159412 245.891945995606 231.113944489572 227.919040010302 216.192336313039 222.488073806213 219.029907950869
"gene 84" 1450.71804829057 1562.116070958 1427.49127978017 1463.24240561491 1486.7837947119 1409.70922200946 1483.81408610456 1519.07173496514 1511.84233474664 1470.00148236355 1490.91799884213 1550.92265267114 1461.92512030672 1474.97784522605 1453.9164641293 1576.79959008265 1431.57412981049 1504.03906967312 1443.73690009595 1481.98478930466 1486.95667933616 1556.40978327785 1468.00975514978
"gene 85" 838.7263948064 894.092509974659 812.329291808608 899.368605661095 855.996153226864 809.151748902882 874.808716516003 855.145174763121 834.521442799814 905.44997472661 861.830456548196 891.960149021325 803.523134079309 836.964172639898 873.757543103983 866.933797910898 814.432532777457 897.505602883961 846.128457859312 871.815879501291 839.39465789147 887.938828493574 892.419531930054
"gene 86" 122.974774954432 142.566003868397 121.25789185978 120.252656262551 123.304207786251 115.454506138421 127.300453509314 132.008789747769 133.911580356249 106.407614004868 124.648924788892 113.932769322632 114.928157359222 132.306982794363 114.624119578658 141.769174011312 130.231455121932 145.4860680474 119.908490028062 127.757309422815 132.963361769991 120.808003876677 127.342969738878
"gene 87" 48.9977618959065 36.6598295661591 37.4617877290377 55.5789587768092 42.7998076613432 43.6592670271339 57.0306031721725 51.4446018869982 40.7556983692932 38.4249717239802 40.9004284463551 52.3474886076957 50.6463066328776 44.1023275981211 45.2463629915756 52.0160278746539 54.4250857225986 38.9328914493042 52.2182133993175 57.2352746214212 40.5994997770965 39.2626012599199 42.7872378322629
"gene 88" 620.63831734815 674.133532577704 658.538794815716 664.926452275281 673.587449146378 649.067769803391 643.631092943089 658.10264300726 642.387436201717 663.077076159966 636.878100093244 656.909660959318 647.688344439685 603.711862232057 647.525728146104 671.108751794554 667.679176632593 669.031003063044 623.717548936293 640.830664064841 665.831796344382 682.565221903223 713.120630537715
"gene 89" 30.743693738608 32.5865151699192 35.4901146906673 34.3579017893003 50.9521519777895 26.1955602162804 30.5521088422352 32.0315445711498 25.2297180381339 35.4692046682894 28.2407720224833 33.8719043932149 23.3752184459435 35.2818620784969 30.1642419943837 38.7570403771931 31.100048984342 36.8837918993408 32.8781343625333 30.6617542614757 42.6294747659513 37.249134528642 24.4498501898645
"gene 90" 77.8199747758516 81.4662879247981 99.5694884377056 86.9052809964654 81.5234431644633 93.1397696578857 75.3618684775136 73.7696178002239 72.7780328023094 76.8499434479604 79.8532174428837 72.8759155126744 74.9954925140688 70.5637241569937 88.481776516859 71.3945480632505 72.8907398070517 78.8903326735902 75.4263082434587 88.9190873582794 86.2739370263301 79.5319358854788 81.4995006328817
"gene 91" 207.519932735604 195.519091019515 195.19563079867 185.936880271507 207.884780069381 215.385717333861 224.048798176392 222.279506266464 206.689613158559 180.301790397138 200.606863332123 237.103330752504 194.793487049529 195.030293156135 224.220865491586 190.725435540398 196.319059213659 181.345310171759 188.565770608647 202.367578125739 209.087423852047 216.447673612379 214.954932919225
"gene 92" 13.450366010641 11.2016145896597 12.8158747494076 10.1052652321471 9.17138735600212 9.7020593393631 11.2024399088196 11.647834389509 9.70373770697458 13.7935795932237 11.6858366989586 14.3698988334851 12.6615766582194 5.88031034641614 11.0602220646074 14.2789096126501 17.4937775536924 9.22094797483521 12.5710513739098 11.2426432292077 18.2697748996934 12.0808003876677 13.2436688528433
"gene 93" 563.954632017591 627.290417020945 623.048680125049 598.23170174311 616.521038931253 625.78282738892 670.109587273026 640.630891422997 569.609403399408 614.799547583683 609.611147795673 631.249127328095 598.016005242055 610.572224302876 609.317688286552 636.431399878118 610.338461317713 630.09811161374 590.83941457376 645.940956441754 619.142371600722 614.107353039773 624.489923599456
"gene 94" 1808.11348800188 1782.07504835496 1803.09499358974 1813.89510917041 1842.42981551687 1831.74880327175 1821.9240906253 1732.61536543947 1742.79129217263 1821.73776199075 1700.28923969848 1887.58885391279 1855.40796414677 1727.83119012194 1777.67932820235 1820.56097561289 1800.88721149956 1950.74277156514 1741.57411726242 1846.85966501622 1849.30721484675 1862.4567264321 1849.0199206085
"gene 95" 108.56366851446 110.997817297537 121.25789185978 126.315815401839 117.189949548916 117.394918006293 106.932380947823 94.1533279818646 104.800367235325 122.171704968552 109.06780919028 114.959190667881 100.318645830508 112.705948306309 108.591271179782 128.510186513851 103.018912260633 116.798674347913 110.23845050967 123.669075521285 114.693586870298 99.6666031982582 118.174275917678
"gene 96" 488.056138100403 448.06458358639 483.05989440075 528.505371641295 485.064486828556 454.056377082193 521.422657574148 493.091655822549 475.483147641755 481.790030077598 480.093124382216 511.15782993397 432.441541249955 469.444775988889 471.567649845533 512.000901825025 474.275747011216 489.734792441248 456.425865268109 490.58806818361 473.999159897602 483.232015506707 486.959516281468
"gene 97" 60.5266470478846 61.0997159435986 69.0085563429643 66.6947505321711 70.3139697293496 65.0037975737327 60.085814056396 60.18047767913 62.1039213246373 63.0563638547367 56.4815440449666 61.5852807149361 45.7764694566394 49.0025862201345 61.3339587219136 60.1754047961682 66.0876040917268 84.0130815484986 70.5912884842626 61.3235085229513 62.9292246544996 58.3905352070604 61.1246254746613
"gene 98" 723.43754328662 771.893078087462 732.476533754606 793.26332072355 774.472710062401 774.224335281175 781.115582733148 663.926560202015 725.839580481699 752.73534351592 737.181531759305 762.631059519959 727.553674129992 777.181017451333 794.325039185439 801.658782538784 739.598039908884 737.675837986817 681.737786046646 765.521798061509 768.345533281551 834.581960114708 757.945355885799
"gene 99" 67.2518300532051 59.0630587454786 63.093537227853 64.6736974857417 59.1044962942359 82.4675043845863 59.0674104283215 58.2391719475451 60.1631737832424 51.2332956319736 74.0102990934044 65.6909660959319 69.1516879025829 68.6036207081883 87.4763017837129 50.9961057594646 64.1438510302055 73.7675837986817 73.4923003397802 61.3235085229513 83.2289745430478 73.491535691645 63.1621129904833
"gene 100" 832.00121180108 965.375511908858 910.912943727128 968.084409239696 938.538639430883 974.086757672055 1006.18278453761 934.7387097581 949.025547742114 941.90443508013 942.657493715993 981.258806057982 922.347161179521 851.664948505938 958.217420688257 945.467800780474 939.804605245586 996.886931057185 885.77561988472 972.999668564161 984.53786959459 981.565031497998 977.99400759458
