"A427" "A549" "Detroit562" "FaDu" "H1299" "H1395" "H1703" "H2126" "H2170" "H2228" "H358" "H441" "H520" "H522" "H596" "HCC827" "KYSE30" "OE21" "PC9" "SCC15" "SCC25" "SKMES1" "SW900"
"LOC644936|644936" 5 3 137 184 0 2 2 3 4 1 6 3 212 5 295 8 767 279 5 350 380 816 7
"FLJ44635|392490" 1029 492 47 10 516 786 588 788 1502 635 1513 675 23 798 17 889 28 30 577 16 27 52 429
"P704P|641455" 27 29 186 234 18 6 14 17 16 8 32 14 234 19 367 20 766 284 17 575 399 863 24
"FAM71D|161142" 1018 1761 31 37 1660 3171 966 1138 889 1270 1328 983 32 1455 67 868 67 42 905 21 35 80 739
"ATP5L2|267020" 145 108 2 0 168 334 137 294 244 288 320 141 7 252 3 265 3 0 128 0 2 2 209
"LOC649330|649330" 69 73 344 512 79 43 49 50 106 104 251 42 648 95 495 37 618 417 54 332 417 986 43
"RACGAP1P|83956" 255 391 29 33 557 381 273 347 278 734 753 327 34 257 35 402 53 36 371 24 41 68 484
"FAM9C|171484" 0 1 0 0 5472 0 2 5 7 4064 13 2 0 12911 0 3 0 0 1053 0 0 0 9
"FTHL3|2498" 25 16 343 381 6 11 26 13 19 8 9 9 266 11 460 15 142 137 14 487 166 1159 12
"EEF1A1P9|441032" 7141 4037 19458 28903 5518 4087 3500 3518 4678 10027 6955 2755 47462 4885 20620 4839 37662 17385 3832 22082 22392 103019 2704
"FLJ39653|202020" 1308 468 76 81 804 13173 486 766 825 699 1654 827 158 1036 199 907 143 149 587 80 67 373 876
"DSG3|1830" 1 1 473 1734 0 1 0 4 0 2 11 0 21 0 1849 1 1895 14480 1 538 19321 5 1
"NACAP1|83955" 748 451 77 63 344 260 320 305 301 365 772 417 47 278 47 419 69 35 293 39 39 110 234
"HNRNPA3P1|10151" 81 112 267 422 107 53 90 42 131 122 172 88 540 95 388 93 380 299 92 231 322 1229 50
"C20ORF96|140680" 1537 1421 69 49 2143 333 1213 1232 1030 2043 2638 503 148 2925 151 1331 39 46 1064 96 91 429 1151
"PIN1L|5301" 98 70 3 7 111 94 76 62 89 168 89 49 14 106 15 123 3 4 71 3 7 15 55
"GMCL1L|64396" 131 106 9 14 52 113 98 145 148 67 270 101 22 161 10 83 15 14 52 6 9 31 83
"SBF1P1|100133234" 77 65 13 4 106 46 64 105 216 85 294 100 5 115 6 96 8 14 127 9 4 29 106
"LENG8|114823" 23548 10266 1818 1222 9391 8810 11116 13843 9704 6557 22084 7609 4496 13437 1648 8895 2456 2661 14843 1010 2046 3271 12621
"DUOX1|53905" 51 14 1103 282 27 14 5 13 8 46 86 9 148 33 587 16 15 5192 16 182 2129 817 32
"LOC646851|646851" 343 206 9 8 275 60 129 272 34 183 431 96 27 575 13 218 25 16 213 5 7 34 92
"COX7B2|170712" 0 0 0 0 87 22 0 1 0 100 565 0 0 0 0 0 0 0 39 0 0 0 0
"KRT14|3861" 0 1 48 9806 0 0 0 2 5 0 75 1 180 0 256 0 235 24688 5 1743 215940 6 1
"KLHL17|339451" 1404 594 217 66 1777 641 681 1067 613 1053 1667 1160 354 992 132 770 170 187 714 100 187 406 812
"LOC442308|442308" 257 463 27 34 572 274 409 233 422 573 519 297 18 540 108 315 99 50 446 45 51 114 249
"DSCR8|84677" 0 0 0 0 218 39 0 0 0 217 648 0 0 0 0 0 0 0 36 0 0 0 0
"?|653553" 13 13 72 40 9 1 9 1 1 6 12 5 16 9 440 14 73 71 1 129 93 225 4
"FDPSL2A|619190" 737 142 25 5 172 2051 132 372 303 278 607 140 9 125 17 409 27 24 148 5 11 26 389
"NKTR|4820" 11494 3324 1074 775 7305 2722 2470 3734 4212 4676 8862 3827 2206 8233 1124 4439 1561 1023 4971 503 1143 2436 4875
"DUOXA1|90527" 1 2 602 5 1 0 2 1 2 1 24 0 4 3 104 0 2 2116 1 138 1204 246 5
"ANP32C|23520" 260 603 37 66 312 303 384 223 417 648 833 322 125 542 62 234 56 47 304 22 27 147 242
"FLJ45340|402483" 4433 1829 668 467 3250 2225 1572 6056 3265 2468 3088 3664 919 3579 268 2314 274 326 2918 196 245 493 4346
"RPL31P11|641311" 53 30 10 2 31 28 37 44 46 25 72 45 3 39 3 53 2 3 21 3 3 5 11
"LOC100133469|100133469" 1045 0 0 0 0 7 0 1784 1 0 960 0 0 0 0 0 1194 0 2 0 0 0 0
"ZNF767|79970" 1062 459 100 53 791 351 404 843 671 542 939 715 318 1065 56 444 58 89 458 31 62 180 706
"LOC442454|442454" 374 644 98 91 963 2346 624 743 547 1145 1688 499 89 344 105 569 129 123 589 78 57 156 653
"CDK5RAP3|80279" 7465 5178 1024 547 7273 6514 3436 6755 3407 5679 4740 5290 2393 7675 985 4604 1466 1420 3845 755 1363 4210 5535
"HSF4|3299" 1315 268 47 3 531 771 340 596 302 356 1158 818 132 493 49 909 17 91 407 29 31 67 256
"CXORF61|203413" 178 0 0 0 0 0 0 0 0 0 470 166 0 0 0 362 0 0 0 0 0 0 0
"DSCR4|10281" 0 0 0 0 237 0 0 0 0 281 339 0 0 0 0 0 0 0 45 0 0 0 0
"GJB6|10804" 0 0 840 5 0 0 1 10 3 0 0 0 7 2 3 1 719 2862 0 22 11315 2 0
"RPL14|9045" 6829 3800 6459 8649 5221 4537 3672 2837 4179 6646 9149 3517 12772 9576 8938 7458 13960 7579 4476 6859 6922 26340 3278
"OR3A2|4995" 188 0 0 0 159 0 0 0 0 158 0 0 0 0 0 0 0 0 34 0 0 0 0
"?|10357" 42 43 108 185 41 18 43 54 103 34 106 14 134 64 107 31 229 123 23 72 163 351 28
"CNTD1|124817" 178 138 33 25 169 185 80 136 104 81 230 88 57 338 26 204 21 36 143 10 41 68 171
"LOC650368|650368" 5 2 33 23 6 2 3 0 2 8 2464 2 54 7 45 4 41 66 1 21 62 49 2
"DUOX2|50506" 1 1 1638 6 4 0 2 0 0 2 25 0 7 8 59 0 4 1336 1 54 839 56 5
"LOC648740|648740" 64 95 5 11 73 21 93 29 113 99 193 74 15 144 1 103 15 5 69 11 14 25 123
"NACA2|342538" 748 237 107 67 281 338 241 279 154 398 734 460 81 221 66 435 88 46 266 46 51 133 178
"COL8A2|1296" 7 5 21 6 8 2 0 2 3 7 4 6 13 10 417 1 4 135 4 162 1335 88 16
"AMTN|401138" 0 0 349 1 0 0 0 3 0 0 238 1 2 0 23 2 2 1038 0 4 3658 6 1
"SLC7A8|23428" 87 4 424 104 5 15839 1 68 19 2 0 0 2290 32 363 11 62 48742 77 3572 55920 124 140
"C1ORF104|284618" 491 108 39 17 180 757 71 408 164 198 488 145 67 263 27 283 26 48 133 7 26 37 366
"SFRS14|10147" 5985 4281 1181 1093 11472 4332 2934 5162 4058 10410 8292 3676 1731 8886 1375 4113 2481 873 5231 1074 1341 4470 4870
"MMP2|4313" 1 328 2840 125 257 0 133 4 11 30 17 0 2389 362 19 251 5830 18176 72 30777 19211 64652 6
"CD1D|912" 0 2 354 2 0 0 1 0 0 1 1 0 1 1 356 4 2 48 0 18 150 12 1
"?|155060" 3373 524 157 76 546 353 904 923 703 352 1111 863 113 1031 171 476 125 186 466 82 113 253 494
"EDARADD|128178" 14002 5808 1509 939 6662 3836 8314 3591 5635 5844 14609 8974 960 5043 1619 10690 1770 1807 4901 1618 2625 3001 4473
"COL1A2|1278" 0 0 5761 0 0 0 0 1 1 1 1 0 44 4 1 2 0 47 2 79641 597 2 0
"LOC441455|441455" 164 56 2 16 64 50 41 50 64 57 311 147 6 106 15 197 5 4 72 11 17 36 60
"GOLGA6L10|647042" 399 183 49 15 209 199 205 211 129 153 335 111 59 465 16 156 24 43 82 16 47 101 79
"SOX11|6664" 0 0 0 0 0 0 0 0 0 0 0 0 627 0 0 0 0 0 0 0 1 193 251
"LOC341056|341056" 358 557 44 45 450 276 413 309 637 581 473 172 79 494 112 209 183 100 369 80 65 147 310
"AGAP6|414189" 598 426 64 45 692 567 246 423 379 598 327 345 230 589 17 438 55 104 470 24 69 137 492
"PCDHGB4|8641" 1626 188 1 0 34 469 195 153 838 39 620 221 0 121 18 139 5 11 8 6 5 51 2860
"DDX12|440081" 1514 888 158 127 3338 835 707 899 1128 1618 1411 1380 498 1153 58 1364 328 282 2150 31 160 214 1787
"PPIAL4G|644591" 2 1 6 14 3 1 3 4 5 3 2 3 12 3 36 0 12 12 2 10 12 23 1
"PMS2L3|5387" 449 213 97 60 404 231 226 198 231 388 395 162 114 384 75 269 120 87 254 49 49 197 496
"MRPL47|57129" 1787 711 1109 1580 1343 773 666 986 929 1277 1769 982 2505 1534 1654 1710 2879 1985 1083 1269 2132 2289 718
"C14ORF181|400223" 459 157 24 24 204 89 87 175 107 263 469 184 62 126 47 151 62 25 257 24 15 90 83
"MALAT1|378938" 220755 26627 9827 5022 46610 80881 20388 79487 9976 38444 113148 91133 9601 92374 6727 45282 14725 10746 26335 5026 10742 11901 61130
"CCDC57|284001" 2814 1714 534 500 2003 1112 1016 3728 1378 1555 5365 1389 582 2342 474 910 525 258 1445 184 307 752 1045
"GPR50|9248" 1 1 1 60 1 1 0 1 0 0 1 0 19960 7 0 0 1 2 0 8 7267 5 0
"FLJ43663|378805" 1872 328 38 20 305 540 203 180 236 450 482 401 15 123 58 194 26 28 165 51 15 155 210
"PCDHGB5|56101" 18 251 1 0 2 26 93 1 9 14 3788 1331 1 9 2 713 0 1 2 2 1 17 1914
"LOC91316|91316" 1705 360 227 78 1104 775 334 1219 527 956 833 916 374 2069 54 713 125 84 569 47 116 144 634
"LOC440944|440944" 2152 842 242 180 1146 921 699 478 672 909 2693 940 679 1547 220 1010 345 259 963 116 230 347 904
"GOLGA8B|440270" 4960 1540 346 30 3259 1784 1346 2116 1142 2928 3289 1570 817 7549 26 2560 94 161 1564 13 103 149 1673
"AMT|275" 193 33 33 1 51 115 53 61 197 53 375 114 20 234 5 77 6 8 125 2 4 10 70
"RCBTB2|1102" 53 59 317 132 146 62 24 74 82 96 163 48 241 92 401 102 148 280 126 166 358 205 115
"WDR52|55779" 717 302 49 44 143 170 124 706 606 183 1000 871 16 189 12 712 69 72 295 18 73 180 764
"NCRNA00105|80161" 391 110 6 5 141 18 191 130 38 87 198 64 43 599 16 189 5 11 83 11 7 33 109
"NSUN5P1|155400" 739 163 40 26 279 271 176 440 344 310 492 216 126 560 28 235 58 118 235 31 18 38 282
"TUBGCP6|85378" 3178 1138 753 95 2202 2067 1307 2973 1347 1482 3570 2685 926 2303 568 1689 438 451 1843 349 350 778 2233
"RNF207|388591" 3520 759 285 36 406 1404 665 2502 241 207 1513 1146 98 5569 138 896 93 59 417 33 89 304 1016
"MAMDC4|158056" 539 321 26 7 343 100 147 490 82 191 357 134 94 245 6 140 28 9 249 8 11 6 94
"KCNJ15|3772" 2 3 2023 238 18 1 7 0 3 24 65 21 4 0 102 189 115 3940 2 1598 5352 81 21
"CSNK1A1L|122011" 1453 748 198 132 1253 600 548 928 868 1931 3023 890 15 855 256 1169 314 225 925 158 208 240 624
"LOC100130015|100130015" 31 42 14 2 116 124 26 111 62 113 212 51 7 38 6 50 3 20 67 7 10 16 44
"C6ORF26|401251" 143 127 6 6 290 71 121 82 56 142 199 129 53 197 21 104 24 15 132 2 24 21 29
"LOC100132724|100132724" 199 355 44 111 526 247 265 472 322 644 1180 425 72 199 45 265 107 112 426 47 63 114 267
"EDAR|10913" 0 14 132 15 1 2 3 3 2 1 0 0 31 2 143 4 2 739 2 2 565 0 2
"PI4KAP2|375133" 885 421 117 98 1063 829 673 858 620 802 2186 593 507 1414 182 419 130 196 483 139 182 372 648
"ZNF335|63925" 3973 1373 893 580 2756 1601 1208 2093 1795 1715 3280 1548 874 3019 943 2010 712 769 1592 674 780 1223 1605
"TMEM145|284339" 822 149 2 2 452 216 193 112 75 356 27 54 30 468 38 22 5 3 110 3 10 17 80
"ZNF417|147687" 726 444 159 113 592 738 255 326 638 360 1342 455 178 689 297 782 198 112 534 121 228 561 687
"IL1A|3552" 0 5 2051 572 2 16 10 1 5 4 125 4 7 4 209 98 430 2170 182 97 7731 3105 6
"CAPN10|11132" 1152 662 345 158 799 627 711 913 1140 564 1778 865 548 1350 162 806 417 219 774 130 185 716 996
"APCDD1L|164284" 0 0 181 34 5 1 0 0 66 0 131 4 13 1 172 34 55 4931 77 8119 9047 16462 1
"NSUN5P2|260294" 2739 704 239 61 1270 1286 716 1720 1036 1780 2185 785 762 2887 104 1163 146 259 1009 111 59 197 1221
